1    2       3    4 5 6 7 8 9 10 11 12 13 14 15 16 17 18 19 20 21 22 23
20/2 20-1,6                             -20/2                            20/2


20.0 18.33 16.67 15.0 13.34 11.67 10.0 8.34 6.67 5.0 3.34 1.67 0

1.67 3.34 5.0 6.67 8.34 10.0

Schwankungsbreite: 20hPa
Intervallgröße: 6 

  0    1    2    3    4    5    6
+ 10.0 8.33 6.67 5.0  3.34 1.67 0.0
-      1.67 3.34 5.0  6.67 8.33 10.0  
       7    8    9    10   11   12
- 8.33 6.67 5.0 3.34 1.67 0.0
  13   14   15  16   17   18

+ 1.67 3.34 5.0  6.67 8.33 10.0

                                *                             *                            *                            *
+ 10.0 8.33 6.67 5.0  3.34 1.67 0.0 -1.67 3.34 5.0  6.67 8.33 10.0 8.33 6.67 5.0 3.34 1.67 0.0 +1.67 3.34 5.0 6.67 8.33 10.0


10.0 8.33 6.67 5.0  3.34 1.67 0.0

if(h < 6)  + (abfallend)
if(h >= 6) - (aufsteigend)
if(h >= 12)- (abfallend)
if(h >= 18 + (aufsteigend)